# Empirical distribution of theta_t for regular FD estimator when t=200 
[[0.37786501 0.1639236 ]
 [0.19556378 0.62716012]
 [0.21522006 0.41218038]
 [0.45526454 0.17457933]
 [0.30048467 0.27550353]
 [0.30866706 0.40036586]
 [0.41299435 0.50394898]
 [0.3356077  0.4895941 ]
 [0.31569921 0.23518539]
 [0.26648414 0.38284213]
 [0.63572392 0.08832474]
 [0.40315004 0.2654376 ]
 [0.48442742 0.23742114]
 [0.13390224 0.29432233]
 [0.46672358 0.29835758]
 [0.44001466 0.13241044]
 [0.29962856 0.18170585]
 [0.3353056  0.37755221]
 [0.2553527  0.32488866]
 [0.46191418 0.15485473]
 [0.05209625 0.42174058]
 [0.51032156 0.01103059]
 [0.45365505 0.45528808]
 [0.17197954 0.38996929]
 [0.33085103 0.28777995]
 [0.3442331  0.51962886]
 [0.04787818 0.23695482]
 [0.30533946 0.45071633]
 [0.46578518 0.14723591]
 [0.10646053 0.4018937 ]
 [0.16966475 0.45002415]
 [0.07351184 0.03821161]
 [0.50137455 0.10972937]
 [0.08678758 0.61398677]
 [0.2567011  0.32011545]
 [0.32986075 0.38978702]
 [0.1129623  0.44336055]
 [0.39783714 0.11082079]
 [0.11439468 0.41729453]
 [0.08903816 0.1290383 ]
 [0.35369625 0.4845218 ]
 [0.2246277  0.54862645]
 [0.49957059 0.36859171]
 [0.32204156 0.4624324 ]
 [0.16763687 0.19328123]
 [0.47671451 0.26601849]
 [0.2824683  0.67946273]
 [0.30139855 0.53428988]
 [0.19319404 0.41586491]
 [0.51146082 0.32135385]
 [0.03011391 0.76034616]
 [0.29186177 0.42971749]
 [0.18788952 0.25051814]
 [0.28777698 0.55269818]
 [0.12526943 0.09700281]
 [0.17396852 0.23533272]
 [0.29865416 0.45015672]
 [0.22804705 0.3946283 ]
 [0.19365559 0.34683337]
 [0.61000426 0.10579299]
 [0.52666609 0.05652065]
 [0.26873692 0.40048434]
 [0.16711832 0.55244529]
 [0.22506176 0.51593234]
 [0.13901378 0.67175656]
 [0.19175138 0.17097166]
 [0.12376939 0.10762038]
 [0.21510291 0.40454583]
 [0.27147691 0.60251418]
 [0.51553473 0.2871706 ]
 [0.19530491 0.22077443]
 [0.09119791 0.26059625]
 [0.         0.14376797]
 [0.16058466 0.19929511]
 [0.09481659 0.26250635]
 [0.45071571 0.44547908]
 [0.3086993  0.48864661]
 [0.20273257 0.41923551]
 [0.05224799 0.29537331]
 [0.33534303 0.35634489]
 [0.53215384 0.42994557]
 [0.27312755 0.36790662]
 [0.32818924 0.46289317]
 [0.35471703 0.4378052 ]
 [0.09339615 0.52206348]
 [0.2452332  0.34800241]
 [0.23419641 0.15457532]
 [0.23774671 0.34930657]
 [0.34148015 0.24041329]
 [0.29048657 0.08361294]
 [0.15917972 0.17844495]
 [0.37887121 0.25980768]
 [0.40248634 0.32038234]
 [0.41023448 0.34815812]
 [0.16800783 0.24775775]
 [0.05519674 0.44014315]
 [0.48753424 0.37826907]
 [0.48560087 0.31831483]
 [0.0260238  0.4316566 ]
 [0.38524191 0.38048696]
 [0.55847157 0.1499221 ]
 [0.36195122 0.48863712]
 [0.2675496  0.36176727]
 [0.4187457  0.2848339 ]
 [0.27518115 0.39271144]
 [0.16308072 0.41884773]
 [0.13912993 0.4654271 ]
 [0.14673957 0.14465558]
 [0.04020155 0.22574106]
 [0.14483795 0.25232681]
 [0.31930533 0.26605902]
 [0.22066132 0.33082316]
 [0.36227084 0.20448235]
 [0.37053698 0.37704391]
 [0.34120657 0.31153396]
 [0.06576139 0.        ]
 [0.3589454  0.34589857]
 [0.45022495 0.18051853]
 [0.23825266 0.3118894 ]
 [0.35442606 0.48563943]
 [0.0291087  0.37205265]
 [0.37453474 0.55561871]
 [0.05538567 0.40510597]
 [0.42123762 0.35394833]
 [0.39167948 0.49610651]
 [0.32047983 0.21016639]
 [0.24064621 0.34190408]
 [0.30362676 0.37604955]
 [0.09575382 0.39301657]
 [0.29899342 0.57569417]
 [0.25243951 0.55424609]
 [0.50860216 0.18120958]
 [0.38469139 0.32966664]
 [0.27220736 0.57691408]
 [0.49462792 0.41907691]
 [0.16083818 0.47082669]
 [0.38023081 0.46979327]
 [0.29664977 0.1328998 ]
 [0.22358155 0.45436071]
 [0.21338996 0.19304172]
 [0.33258415 0.31298005]
 [0.11795628 0.45314729]
 [0.32993483 0.18461059]
 [0.50885094 0.12372749]
 [0.32154954 0.34541948]
 [0.35590264 0.29240915]
 [0.29433901 0.36202506]
 [0.29730439 0.42576546]
 [0.20468764 0.17513136]
 [0.50472391 0.46257392]
 [0.22036706 0.50593186]
 [0.26784312 0.5026498 ]
 [0.43280674 0.01045007]
 [0.4007723  0.31717543]
 [0.22166746 0.30434829]
 [0.32711174 0.23391848]
 [0.32685002 0.38067094]
 [0.4147315  0.0367613 ]
 [0.41751357 0.46561214]
 [0.3645151  0.45468774]
 [0.68378174 0.17880624]
 [0.54881329 0.35943399]
 [0.38665982 0.30599415]
 [0.60273948 0.05719092]
 [0.36543153 0.32741416]
 [0.60441152 0.27811416]
 [0.38584694 0.36382512]
 [0.14548497 0.38799132]
 [0.45307125 0.51203545]
 [0.34633132 0.43970508]
 [0.43757261 0.49077777]
 [0.50001186 0.42776781]
 [0.28420217 0.31910092]
 [0.40267784 0.28465878]
 [0.16938217 0.26840793]
 [0.22155419 0.39082986]
 [0.32671976 0.21929514]
 [0.43124663 0.00294674]
 [0.37121903 0.4507354 ]
 [0.40602104 0.2369204 ]
 [0.38306783 0.35308606]
 [0.         0.31095097]
 [0.13982403 0.37580037]
 [0.38487566 0.21375148]
 [0.22331578 0.2284085 ]
 [0.42819502 0.20840548]
 [0.37955983 0.42989064]
 [0.52353317 0.32442019]
 [0.48407921 0.40872049]
 [0.1389482  0.14419106]
 [0.16856318 0.44252583]
 [0.2716365  0.2817577 ]
 [0.106332   0.29099946]
 [0.34132002 0.44732923]
 [0.07240441 0.36153076]
 [0.3722769  0.23543635]
 [0.28833461 0.64083299]
 [0.33377878 0.40527985]
 [0.25919604 0.32467522]
 [0.46275755 0.30245075]
 
 # The error of theta_t with regular FD estimator, t=1 to t=200
 
 loss = [0.30585998 0.35129965 0.320356   0.33116315 0.31343378 0.30502735
 0.3272193  0.3153759  0.31062693 0.32217099 0.31833301 0.28507853
 0.3096114  0.2706882  0.28858728 0.29829705 0.28306818 0.2671461
 0.28526454 0.28093034 0.27240974 0.25549817 0.25308591 0.24630602
 0.24280836 0.24701385 0.25563869 0.24015725 0.2573622  0.25102807
 0.23862066 0.24052745 0.23019023 0.23004305 0.2309993  0.23099886
 0.21659273 0.2404087  0.22994184 0.23063021 0.20893661 0.24269393
 0.21357218 0.22278415 0.23919484 0.21401768 0.22214778 0.2107732
 0.21227913 0.20555246 0.19814019 0.20757016 0.20331997 0.20028241
 0.20226726 0.20238749 0.20845807 0.18546421 0.19991957 0.20242092
 0.21403267 0.20506884 0.20863772 0.20434607 0.18717812 0.19291464
 0.18997329 0.17945306 0.19307462 0.19476221 0.19765577 0.19211221
 0.18387035 0.17553177 0.17198957 0.17051922 0.17851646 0.18145185
 0.17671225 0.18572589 0.17495918 0.16763693 0.17360561 0.18561867
 0.18150009 0.17613201 0.19454284 0.17470736 0.17190209 0.16833153
 0.17525203 0.1715726  0.17849783 0.18431605 0.16950948 0.16661713
 0.16619747 0.16170756 0.18125058 0.16446581 0.1658086  0.1580389
 0.15629358 0.1484761  0.15152408 0.16639641 0.16488473 0.15380782
 0.15451103 0.17910192 0.18049177 0.18184457 0.17976286 0.16234298
 0.15317053 0.15436218 0.15610505 0.15968999 0.15675815 0.16258159
 0.16550977 0.14188829 0.15059172 0.16703268 0.1501122  0.14362976
 0.14182748 0.15469697 0.15100777 0.15349518 0.14709656 0.14596476
 0.14820173 0.14781    0.1510491  0.15411197 0.15022035 0.13793664
 0.15559994 0.15482881 0.13489284 0.14333269 0.14535088 0.15475395
 0.14938387 0.13914687 0.1508235  0.14234537 0.14184531 0.15409646
 0.15167207 0.14079216 0.14532819 0.13606253 0.14292787 0.14867227
 0.14488499 0.14073378 0.14956092 0.14818596 0.14776395 0.14311532
 0.14673471 0.15044182 0.14436906 0.12975119 0.1345573  0.13868508
 0.14033082 0.14279688 0.14374154 0.13501394 0.13474089 0.13812181
 0.14229015 0.13779381 0.14929301 0.13468784 0.13670903 0.1308848
 0.11977156 0.12870706 0.12938994 0.13604186 0.14151486 0.1391084
 0.13864    0.14181373 0.14148368 0.14323967 0.13812787 0.12841555
 0.12538822 0.13015048 0.13306457 0.12100459 0.11175318 0.10889316
 0.10784422 0.1145991 ]
 
 # The error of theta_t with multilevel FD estimator, t=1 to t=200
 loss = [0.29357719 0.36854825 0.37117876 0.38596317 0.32950059 0.35735557
 0.33138371 0.3387491  0.31795386 0.2998646  0.32270174 0.30021586
 0.30388616 0.31865369 0.27724262 0.27003014 0.2577565  0.25910496
 0.26326691 0.26912828 0.2507542  0.24795074 0.25897837 0.23240877
 0.20266669 0.22150238 0.19954445 0.18022063 0.17749807 0.20438766
 0.19589164 0.18826738 0.18941069 0.18992249 0.17970117 0.15814965
 0.15922639 0.13851891 0.14734968 0.1567526  0.14672011 0.1405059
 0.13314899 0.13085682 0.15258909 0.16894173 0.12014776 0.11708818
 0.12936741 0.11917758 0.12293991 0.13941568 0.11057533 0.11047091
 0.10325317 0.10697513 0.11321494 0.11414278 0.10919014 0.1214806
 0.11142884 0.10272098 0.11411522 0.1129259  0.10031395 0.09226319
 0.11355915 0.11224195 0.10480137 0.09490217 0.10800571 0.10333879
 0.07775876 0.085612   0.09213187 0.08169023 0.07549766 0.0833463
 0.07847802 0.08951101 0.0803785  0.07918628 0.07916183 0.103932
 0.10022483 0.08075267 0.07884399 0.0740403  0.06382505 0.06268529
 0.07131252 0.07251994 0.06380991 0.06939626 0.06714302 0.06689364
 0.06893599 0.06233331 0.06571539 0.0705708  0.06472512 0.06351924
 0.05842552 0.05503958 0.05983569 0.06577444 0.06728549 0.06110746
 0.06790324 0.07505178 0.06469864 0.06082229 0.06329271 0.05674892
 0.05155257 0.06101714 0.05810086 0.05462533 0.05273923 0.05368449
 0.05664403 0.05708971 0.05214569 0.05381867 0.04970128 0.04967333
 0.05401345 0.04820743 0.05029268 0.05031162 0.04941624 0.04947893
 0.05275671 0.04553259 0.04783897 0.05113804 0.04862251 0.05225296
 0.05079869 0.04738253 0.04649063 0.04339401 0.05049604 0.05213915
 0.05067814 0.04821271 0.03952345 0.04467339 0.05069937 0.04839144
 0.04061208 0.03840385 0.04198331 0.04317763 0.04414546 0.04994966
 0.04605697 0.04707224 0.05140671 0.04941394 0.0457057  0.05221762
 0.04298805 0.03800159 0.04209137 0.04182709 0.03732515 0.036143
 0.03597645 0.03711779 0.04113025 0.04165891 0.0391795  0.03690159
 0.03679929 0.03840901 0.03756123 0.04016845 0.03964194 0.03788815
 0.03803051 0.03361061 0.03380194 0.03968119 0.03754068 0.03428817
 0.03263979 0.03259471 0.03114383 0.03100175 0.03554971 0.04273105
 0.03655967 0.02989416 0.03570907 0.03238246 0.02876926 0.0288896
 0.0288183  0.02752973]
