# the error of the estimator theta_t from t=1 to t=200, based on multilevel FD algorithm
loss = [0.06565606 0.09318817 0.10120224 0.09107392 0.0953669  0.09235297
 0.09909103 0.10297496 0.10255658 0.11094216 0.10283719 0.09864948
 0.09795518 0.09405536 0.08985538 0.09635392 0.10884491 0.0985616
 0.10433768 0.09313723 0.10315379 0.09599836 0.09770046 0.10301443
 0.09320628 0.09856588 0.092602   0.09784637 0.08249878 0.09638386
 0.1053009  0.09350966 0.10103212 0.0996657  0.09643725 0.09751643
 0.09642644 0.09070711 0.10705378 0.09252014 0.09303769 0.10125257
 0.09819093 0.08781351 0.11364656 0.09119876 0.10227494 0.09630524
 0.09138023 0.09066732 0.09069673 0.08658686 0.09180421 0.10212627
 0.08717935 0.09857568 0.09181044 0.08801185 0.08562523 0.09161214
 0.08306305 0.09197743 0.08576476 0.08785892 0.07950116 0.09318408
 0.09208651 0.0856021  0.07976674 0.08124415 0.0844544  0.06971527
 0.07781021 0.08928079 0.08386964 0.07988755 0.08101983 0.07503795
 0.07668693 0.08330817 0.08376744 0.07661296 0.07373205 0.07929057
 0.07770517 0.07014691 0.06226457 0.07830541 0.06600994 0.06881741
 0.06755379 0.06233884 0.06808901 0.06743035 0.0694694  0.06930318
 0.0639564  0.06683641 0.07199249 0.06151138 0.0624135  0.06115396
 0.05907368 0.06584821 0.06200036 0.0606101  0.06003482 0.0645255
 0.06179969 0.06382673 0.06126216 0.06060596 0.06814979 0.06345976
 0.05716623 0.05850904 0.06491332 0.05754495 0.05531996 0.05783806
 0.05697199 0.05806551 0.05825173 0.0557012  0.05644906 0.05386325
 0.05612074 0.05720157 0.06472123 0.06076829 0.05914626 0.05160683
 0.0529968  0.05430046 0.04981473 0.05241159 0.05705315 0.05313454
 0.0494268  0.05116452 0.05845701 0.04968101 0.05169476 0.05014608
 0.05027349 0.05695644 0.05424961 0.05077254 0.04777672 0.04629863
 0.04667524 0.04645297 0.04446936 0.04399556 0.04955476 0.04807328
 0.05194803 0.04747317 0.04843131 0.04831023 0.04872019 0.04796007
 0.04578079 0.04284717 0.04976785 0.04495292 0.04444423 0.043137
 0.04279554 0.04656819 0.03571415 0.03990014 0.04573559 0.04961736
 0.04611242 0.04593755 0.04355059 0.04541135 0.04095647 0.03937024
 0.0438818  0.04252798 0.04148589 0.03863848 0.03632485 0.03673476
 0.03732862 0.0372719  0.03917997 0.03397684 0.03133084 0.03381246
 0.03589161 0.03638288 0.0385506  0.03790613 0.03811768 0.04081887
 0.0416229  0.0364312 ]
 
 # cumulative computational cost for algorithm based on multilevel FD estimator
 
 [4.04000000e+03 2.58000000e+04 7.09800000e+04 1.23540000e+05
 2.05040000e+05 3.46700000e+05 5.04100000e+05 6.69620000e+05
 9.44180000e+05 1.23098000e+06 1.53410000e+06 1.99586000e+06
 2.47062000e+06 2.96204000e+06 3.46634000e+06 4.04106000e+06
 4.89544000e+06 5.76328000e+06 6.65670000e+06 7.56334000e+06
 8.48740000e+06 9.45516000e+06 1.09526400e+07 1.24788000e+07
 1.40196600e+07 1.55782800e+07 1.71525600e+07 1.88601600e+07
 2.05817400e+07 2.23246800e+07 2.40936000e+07 2.58763200e+07
 2.87217600e+07 3.15860800e+07 3.44664000e+07 3.73732800e+07
 4.03019200e+07 4.32456000e+07 4.62628800e+07 4.92952000e+07
 5.23492800e+07 5.54299200e+07 5.85265600e+07 6.16420800e+07
 6.48024000e+07 7.00071800e+07 7.52314800e+07 8.04721200e+07
 8.59738400e+07 9.14950200e+07 9.70326000e+07 1.02600680e+08
 1.08188400e+08 1.13792460e+08 1.19442440e+08 1.25111640e+08
 1.30797600e+08 1.36514060e+08 1.42249800e+08 1.48002120e+08
 1.53831200e+08 1.59679500e+08 1.65544440e+08 1.71436280e+08
 1.81378580e+08 1.91349860e+08 2.01344000e+08 2.11355600e+08
 2.21505980e+08 2.31676220e+08 2.41864040e+08 2.52082280e+08
 2.62322180e+08 2.72608340e+08 2.82910640e+08 2.93234240e+08
 3.03589100e+08 3.13960940e+08 3.24356120e+08 3.34824920e+08
 3.45311540e+08 3.55821380e+08 3.66359840e+08 3.76921520e+08
 3.87501020e+08 3.98123420e+08 4.08769160e+08 4.19431880e+08
 4.30125860e+08 4.40841140e+08 4.60037580e+08 4.79278940e+08
 4.98544280e+08 5.17827780e+08 5.37142940e+08 5.56478300e+08
 5.75831880e+08 5.95263140e+08 6.14716460e+08 6.34201260e+08
 6.53704280e+08 6.73231220e+08 6.92803260e+08 7.12398860e+08
 7.32012680e+08 7.51658100e+08 7.71325580e+08 7.91132060e+08
 8.10956760e+08 8.30805380e+08 8.50683740e+08 8.70585180e+08
 8.90504840e+08 9.10471460e+08 9.30460140e+08 9.50480300e+08
 9.70518680e+08 9.90580980e+08 1.01071910e+09 1.03088078e+09
 1.05106068e+09 1.07127218e+09 1.09150574e+09 1.11178614e+09
 1.13208476e+09 1.15240730e+09 1.17275958e+09 1.19312822e+09
 1.22966750e+09 1.26623110e+09 1.30282502e+09 1.33944326e+09
 1.37608078e+09 1.41279638e+09 1.44953462e+09 1.48630486e+09
 1.52310110e+09 1.55991590e+09 1.59677830e+09 1.63366310e+09
 1.67058062e+09 1.70751670e+09 1.74447734e+09 1.78157558e+09
 1.81869982e+09 1.85585606e+09 1.89303110e+09 1.93023046e+09
 1.96747598e+09 2.00474582e+09 2.04203446e+09 2.07935510e+09
 2.11670174e+09 2.15412454e+09 2.19157190e+09 2.22903782e+09
 2.26653646e+09 2.30405750e+09 2.34162614e+09 2.37921334e+09
 2.41682654e+09 2.45447174e+09 2.49213958e+09 2.53080710e+09
 2.56949390e+09 2.60820502e+09 2.64694646e+09 2.68571222e+09
 2.72452702e+09 2.76336038e+09 2.80221830e+09 2.84110630e+09
 2.88001934e+09 2.91895094e+09 2.95796086e+09 2.99699318e+09
 3.03605918e+09 3.07514950e+09 3.11425862e+09 3.15341510e+09
 3.19259470e+09 3.26361868e+09 3.33467530e+09 3.40575154e+09
 3.47685454e+09 3.54803620e+09 3.61924138e+09 3.69047914e+09
 3.76174342e+09 3.83302684e+09 3.90435874e+09 3.97571362e+09
 4.04710294e+09 4.11851764e+09 4.18995154e+09 4.26164986e+09
 4.33337326e+09 4.40512780e+09 4.47690730e+09 4.54873618e+09]
